100
0 23 10 16 32 50 3 50 31 INF 15 43 49 25 25 INF 37 23 50 17 14 47 INF 31 4 7 48 19 11 7 34 34 13 INF 28 32 24 27 INF 5 INF 39 5 27 35 34 36 10 25 INF 31 7 4 INF INF 27 31 INF 50 29 INF 2 INF INF 3 7 14 25 INF 29 48 6 INF 15 3 32 46 28 44 36 20 31 11 14 46 38 29 9 41 44 29 27 1 42 32 11 3 INF 31 41
15 0 50 1 INF INF 21 44 11 42 INF 24 3 22 41 INF 30 INF 25 30 7 40 10 21 10 INF 4 4 44 40 31 7 INF 32 12 50 38 28 16 INF 23 41 10 14 28 4 31 INF 19 33 13 16 47 20 16 50 INF 27 8 INF 42 14 3 20 INF 14 9 INF INF 1 23 44 45 27 34 16 50 35 11 21 16 26 12 3 10 31 29 48 23 6 20 27 25 3 8 INF 17 32 INF 49
13 INF 0 50 41 16 47 24 25 INF 37 47 24 19 7 INF 18 INF 31 38 INF 44 36 6 INF 33 INF 39 14 46 25 44 9 47 43 INF 48 12 37 23 12 25 INF INF 44 INF INF INF 21 11 32 INF 11 INF 46 INF INF 47 47 31 7 INF 22 INF INF 30 9 7 INF 18 16 INF 34 INF 18 20 19 7 37 INF 50 1 INF INF 27 INF 22 28 INF 50 25 INF 11 28 7 21 43 37 41 INF
11 37 38 0 48 38 21 40 32 3 24 12 7 34 18 INF 21 42 49 INF 1 INF 13 27 31 18 INF 40 INF INF 33 8 INF 24 14 28 1 9 28 50 41 9 29 45 INF 16 INF 5 47 42 38 23 21 18 35 INF INF 27 INF INF 1 11 40 42 47 42 26 22 INF 18 39 43 41 12 3 28 INF 15 17 18 33 5 50 39 11 30 19 29 33 30 49 INF 4 17 16 13 37 INF 32 INF
14 37 10 15 0 21 13 INF 40 10 INF INF INF 29 13 14 13 13 47 27 30 17 37 33 40 15 39 INF 5 3 46 17 43 40 38 46 40 39 1 39 15 18 INF 28 29 30 49 10 INF 39 41 INF 4 INF 11 INF 7 19 26 15 12 26 5 39 7 12 6 INF 3 38 40 28 INF 31 4 INF 6 10 INF 17 17 15 INF INF 47 8 26 15 49 31 23 INF 19 18 43 46 21 INF 43 INF
40 14 8 12 2 0 11 18 INF 49 28 29 9 33 INF 45 16 50 14 50 32 INF 19 34 40 36 25 27 17 35 39 INF 29 18 35 33 16 37 INF INF 49 46 INF INF 45 5 25 19 31 1 40 41 12 INF 13 INF 41 43 42 39 36 9 39 INF 24 40 INF 12 INF 5 20 29 INF 39 26 INF 32 5 INF 5 7 18 24 INF INF 21 21 26 16 28 2 40 32 25 31 INF 44 34 44 10
33 30 44 22 45 INF 0 19 41 3 9 34 INF 39 INF 39 4 37 INF 10 47 INF INF 8 18 36 25 17 12 39 9 40 INF INF 22 50 INF 20 10 28 INF 20 50 9 8 INF 1 49 48 33 32 INF 26 42 37 7 10 1 11 9 40 1 INF 18 47 20 INF 7 14 47 13 35 28 49 INF 9 38 15 INF 38 INF 45 19 28 INF 12 INF 3 40 17 INF 17 21 28 9 24 15 48 10 15
INF 25 6 31 39 27 39 0 4 14 19 27 INF 35 36 35 15 12 36 42 40 INF 17 23 INF INF 39 36 15 4 18 10 33 3 45 5 INF 43 11 INF 9 18 46 14 27 22 INF 40 46 46 8 25 10 42 42 42 38 9 34 44 43 2 48 40 5 43 6 INF 17 47 38 47 12 26 43 11 23 INF 39 32 17 7 INF 22 17 INF 12 9 21 16 46 42 1 26 INF 19 26 4 INF 34
18 46 16 18 29 16 8 30 0 26 45 5 44 INF 23 4 36 8 INF INF INF 2 39 21 39 11 27 INF 6 INF INF INF 3 27 9 37 31 2 32 INF INF 27 47 INF 7 INF 21 INF 42 2 47 25 29 42 INF 39 36 46 5 49 22 INF 3 13 6 4 INF 50 16 INF 20 23 7 26 12 24 INF 40 41 INF 14 30 INF 31 11 13 29 13 INF 2 17 8 24 INF 46 46 INF 46 18 INF
49 INF 9 42 24 35 19 38 37 0 40 40 INF INF 18 17 INF 43 24 17 23 INF 40 INF 22 25 32 12 INF 6 INF 8 INF 50 50 INF 19 7 45 INF INF 32 48 4 50 47 INF 11 21 INF 17 INF 26 31 INF 15 26 INF 39 INF 4 45 20 26 18 22 39 42 INF 25 6 20 5 43 5 8 40 11 46 29 48 49 31 39 42 20 49 20 INF INF 29 15 44 2 22 39 41 3 21 36
35 23 41 9 24 38 23 44 INF 36 0 41 INF 48 4 24 39 INF 10 INF 43 16 42 14 INF 13 42 17 36 13 26 27 43 37 21 INF 50 INF 28 23 37 36 37 INF 3 49 31 35 27 19 INF 8 20 44 46 INF 15 23 20 17 41 38 INF INF 24 38 22 10 40 9 12 43 36 43 19 INF 50 INF 22 18 INF 19 47 41 INF 31 43 3 INF 4 49 38 3 6 45 1 INF 44 20 35
6 14 33 10 48 27 INF 33 4 31 INF 0 41 INF 49 46 34 30 INF 48 10 INF 11 INF 35 43 INF INF INF 37 21 26 29 30 5 INF 50 48 27 INF INF 3 14 27 4 37 INF INF 37 INF 31 22 6 INF 40 INF 31 46 INF 16 38 INF INF 14 33 31 8 INF 17 INF 7 31 38 17 32 21 1 25 47 31 20 INF 8 4 29 49 9 43 12 4 19 INF 2 8 47 INF 4 33 21 2
INF 28 27 46 14 30 26 INF 20 INF 19 INF 0 INF 6 40 30 20 49 49 8 41 INF 8 41 37 INF 46 6 48 44 32 INF 4 40 43 8 47 37 7 38 34 12 INF 32 INF 8 23 16 15 38 19 23 43 44 24 14 25 20 11 3 INF 16 INF 31 18 43 INF 45 16 INF 45 INF INF INF 17 15 INF 43 30 23 24 2 45 INF 34 48 45 INF 21 16 18 23 2 8 29 33 16 43 7
INF 32 INF 13 INF 49 1 INF 3 50 25 34 19 0 7 INF INF 7 2 33 8 40 1 20 12 INF 28 40 INF 22 44 10 1 11 16 INF 48 35 20 INF 42 29 INF 20 5 INF 2 31 INF 12 INF 25 33 INF 47 40 2 41 11 INF 49 20 7 9 7 INF 13 38 31 INF 24 23 26 30 22 10 13 50 19 31 43 18 16 INF 1 30 37 44 42 48 46 47 INF 20 INF 46 INF 33 2 38
40 43 41 10 INF 13 23 12 33 1 25 12 45 33 0 24 44 13 34 INF 37 39 6 26 INF 29 INF 22 13 39 48 19 34 41 38 INF 22 10 INF 9 INF 26 48 42 15 25 24 INF INF INF 9 18 INF 6 INF 9 17 INF 29 49 17 6 16 23 4 20 9 INF 23 11 6 29 12 INF 25 INF INF 18 48 9 47 12 33 14 INF 19 9 2 32 50 15 11 43 11 20 41 8 17 22 20
9 16 12 47 19 3 INF 48 39 12 30 15 38 INF 30 0 18 INF 15 49 5 11 4 INF 3 23 19 21 43 9 49 INF 6 30 42 20 19 5 INF 35 22 INF INF 22 24 49 INF 23 48 INF INF INF 40 1 47 15 28 25 15 4 25 45 1 15 24 INF 43 13 INF 28 32 2 18 33 INF 7 19 37 19 6 INF 16 INF 7 21 15 INF 47 INF 45 19 INF INF 3 INF 14 19 36 INF 3
INF 6 INF 26 43 20 41 8 31 INF 38 33 49 40 27 8 0 INF INF 27 INF 50 45 INF INF 10 20 INF 20 33 24 46 6 INF 40 49 1 INF 25 41 35 INF 3 14 46 INF 46 INF 8 41 26 1 36 47 49 50 38 3 20 3 18 37 29 20 16 21 42 20 17 5 26 41 8 3 35 19 6 8 46 14 49 28 2 41 3 INF 46 21 28 INF 31 3 INF 45 34 43 INF 39 INF 47
16 INF 37 38 36 6 37 INF INF 24 11 47 INF 18 25 48 11 0 43 18 45 33 INF INF 22 INF 10 38 42 INF 16 40 INF 6 2 INF 49 30 46 47 INF INF 49 20 INF 11 16 40 29 28 27 11 42 21 INF INF 2 39 43 50 INF INF INF 38 19 34 10 INF INF 24 38 28 22 23 28 16 44 15 48 21 49 27 20 15 14 1 INF 27 15 INF INF 27 5 10 INF 23 8 48 INF 36
9 INF 16 40 INF 27 29 43 INF 5 INF 27 11 30 18 5 INF 21 0 31 49 42 14 INF 46 43 INF 19 3 33 14 13 29 13 29 15 INF 28 3 19 INF 33 20 3 16 INF 38 34 37 INF 47 10 15 36 2 13 39 INF INF 32 13 14 50 39 39 23 INF 48 INF 33 18 30 INF INF 43 INF 48 30 32 INF 29 INF INF 48 INF 43 22 26 19 29 21 INF 45 24 44 INF INF 28 39 12
INF 16 47 29 41 37 5 INF 2 INF 26 13 19 29 8 22 49 INF 48 0 INF INF 1 20 15 17 16 20 41 37 11 22 36 47 12 26 14 26 36 INF 34 24 48 48 INF 27 44 INF 41 20 48 35 6 20 17 16 33 38 47 39 25 9 INF 18 1 28 42 30 27 20 6 30 20 28 14 21 44 50 INF 13 16 44 20 INF 42 12 37 37 46 9 36 26 48 INF INF 17 49 50 23 28
46 INF 47 27 19 22 INF 49 18 INF 11 33 30 INF 22 INF 22 37 43 47 0 49 30 INF 11 INF INF 47 50 INF INF 46 16 36 30 48 49 14 11 35 14 22 INF 1 25 INF 47 INF 33 28 17 INF 15 INF 9 28 13 INF 37 49 13 19 19 37 10 7 28 49 INF 22 28 INF 26 28 INF 16 40 19 38 31 39 18 8 42 INF 4 25 INF 50 19 INF 30 10 39 2 INF 10 50 26 36
42 45 8 INF 21 47 6 INF INF 22 40 32 10 23 47 INF 40 23 30 31 INF 0 3 INF INF 31 8 48 41 38 8 INF 29 6 49 3 46 INF 46 39 20 34 29 INF 15 9 35 1 INF 16 3 10 10 12 9 21 INF 22 19 43 31 18 38 36 42 INF INF 25 5 4 43 15 29 15 41 2 36 14 45 16 40 17 7 26 37 37 44 35 3 INF INF 17 16 31 7 36 30 16 40 47
12 17 5 49 17 15 45 INF 20 23 14 42 INF 23 1 8 5 INF 22 13 INF 36 0 16 31 27 33 25 INF 49 17 44 4 37 INF INF INF 35 49 6 20 49 39 44 47 18 48 INF 4 4 6 INF 5 INF 22 31 36 46 INF 22 INF 48 INF INF INF INF 24 24 50 1 INF 25 INF 7 39 35 34 42 33 7 28 INF 12 40 47 40 7 40 INF 46 16 35 5 29 6 43 28 11 INF 35
20 43 INF 32 23 11 49 48 INF 10 5 6 47 16 13 INF 37 20 16 7 48 15 INF 0 3 34 36 32 30 21 26 8 28 34 INF 14 1 INF 43 34 40 29 INF 41 INF INF 25 36 16 INF INF INF INF 25 13 22 39 19 40 45 46 32 INF INF 41 INF 27 INF 19 2 4 29 22 32 2 44 42 37 33 15 5 47 36 2 INF 48 4 49 9 INF 18 48 15 23 13 8 35 29 6 29
41 INF 40 INF 47 6 34 29 44 INF 8 41 INF 37 1 45 19 7 7 35 36 29 INF 42 0 14 20 3 8 29 29 8 12 26 INF 2 INF 39 15 12 19 18 11 37 44 1 16 INF 16 23 INF 26 48 23 27 21 20 40 37 40 44 48 6 INF INF 38 37 40 INF 20 25 12 28 38 30 38 27 50 6 13 49 2 INF INF 12 8 11 14 3 15 INF INF 29 28 28 41 43 41 27 INF
28 INF 34 26 31 INF 45 20 13 30 43 10 14 17 50 16 50 47 10 14 18 10 45 40 38 0 17 30 48 3 46 3 37 4 17 34 32 23 26 32 INF 43 13 20 22 44 32 INF INF 47 37 31 48 8 22 50 INF 40 37 INF 3 9 1 INF 35 1 32 INF 48 3 INF 35 46 14 INF 12 45 10 INF 37 47 INF INF 14 3 30 21 INF 38 3 10 7 INF INF 6 21 8 48 3 48
24 23 31 36 6 INF 40 36 46 INF 39 INF 45 INF INF 38 INF INF 18 44 23 14 36 INF 33 42 0 21 48 INF 24 34 38 7 1 2 INF 40 18 30 27 2 33 INF INF 15 2 INF 49 11 INF 10 21 2 46 30 43 14 18 12 48 INF 37 19 INF 18 15 16 46 47 35 INF 44 30 INF 18 4 41 34 11 29 36 INF INF 30 13 39 INF INF 39 INF 45 4 INF 46 42 30 2 48 40
31 INF INF 46 21 19 10 23 12 27 INF 22 INF 7 1 31 8 34 41 INF 32 4 30 INF 46 2 41 0 INF 6 12 INF INF 33 9 26 20 40 11 2 INF 39 36 50 36 5 9 41 2 25 36 24 8 42 13 INF 20 3 INF 48 INF 34 25 31 INF INF 17 26 15 11 INF 25 18 20 39 12 INF 3 31 11 41 46 6 6 50 42 36 4 2 10 16 32 3 23 6 40 22 INF 33 INF
44 11 31 INF INF 6 39 INF 16 42 INF 31 4 5 47 31 48 INF 36 40 42 8 INF 46 44 38 30 40 0 4 29 INF INF 9 25 20 46 15 34 47 32 46 29 33 3 INF 19 15 37 46 INF 35 INF 28 INF 4 26 13 INF 37 12 27 28 30 24 INF INF 38 44 11 48 34 2 10 INF 10 INF 4 3 11 49 49 3 7 47 42 27 34 22 36 7 INF 36 47 INF 25 22 34 4 13
INF 4 48 20 48 INF INF 26 23 6 INF 32 49 3 29 29 INF 30 INF 32 1 INF 32 4 10 INF 4 27 9 0 27 8 38 27 14 15 2 47 INF 5 3 39 49 29 22 11 31 24 28 30 36 11 29 47 42 17 20 INF 8 27 INF 21 37 42 46 39 25 INF 10 INF 47 23 INF 8 16 32 45 9 15 27 1 19 49 36 29 22 21 47 47 16 50 46 22 37 INF 29 INF 17 INF INF
33 42 34 9 48 50 14 16 47 28 INF INF 32 1 12 35 7 32 27 INF 10 6 12 9 21 30 INF 9 25 17 0 43 15 35 17 10 36 22 2 11 9 21 38 3 INF 10 41 4 1 INF 31 44 INF 44 43 31 40 48 32 22 INF 8 25 47 24 1 33 7 27 24 INF INF 41 21 9 28 20 8 INF 38 6 43 19 17 INF INF 29 35 7 27 11 11 5 INF INF 27 INF 29 6 8
INF 26 8 19 6 25 8 INF 30 14 18 44 INF 43 6 26 INF 29 2 30 3 31 15 12 20 37 42 36 28 26 8 0 12 45 48 43 26 10 23 39 26 15 19 24 INF 49 30 21 33 50 39 42 30 27 1 INF 42 24 INF INF 38 18 INF 4 20 12 48 44 45 31 22 8 9 43 45 49 9 30 20 24 1 8 INF INF 17 27 5 2 31 INF 19 13 31 32 35 34 46 31 25 7
47 28 11 43 10 INF 27 43 13 27 30 20 23 INF 14 INF 50 19 41 3 INF 33 13 38 26 38 23 26 43 37 INF 2 0 11 49 8 48 16 25 40 16 5 INF 5 12 13 22 45 48 47 45 INF 30 47 2 35 50 6 6 4 31 INF 38 4 45 25 14 23 49 21 3 37 47 37 21 35 9 INF 15 INF 40 1 15 28 17 13 24 25 14 50 3 5 33 13 46 42 9 INF 28 INF
36 8 46 43 INF INF 45 INF 38 31 31 38 25 41 49 41 9 29 2 3 33 12 30 INF 22 9 35 4 INF 4 1 10 INF 0 INF 27 INF 39 3 46 23 INF 22 8 27 47 4 1 INF 23 2 INF 24 16 49 41 INF 22 INF 47 18 INF 4 49 46 37 42 7 37 44 12 43 25 47 INF 43 INF INF 47 14 18 31 11 INF 12 8 25 11 16 23 23 8 INF 4 INF 43 41 22 32 21
27 INF INF 4 6 INF 21 1 33 47 14 25 INF 34 5 35 13 25 47 46 49 35 34 INF 29 INF 10 49 24 38 15 INF 5 17 0 31 INF 7 15 INF 39 46 13 48 INF 32 25 INF 25 INF INF 36 20 38 45 18 11 INF 19 19 INF 34 INF INF INF 10 INF 34 38 INF 3 19 37 44 9 24 INF 47 27 3 14 37 48 INF INF 3 43 39 48 34 42 25 INF 19 INF INF 46 35 INF 31
25 38 36 27 8 INF 48 49 33 33 46 10 3 43 15 INF 26 10 4 14 48 22 19 19 2 INF INF 12 INF 39 INF 39 21 36 39 0 44 24 20 13 INF 7 37 11 3 27 46 48 INF 4 13 INF 49 10 26 35 42 INF INF 38 18 INF 40 23 11 29 21 38 32 28 21 33 INF 38 INF INF 25 24 26 INF 6 INF INF 18 34 41 49 25 5 11 INF 23 46 40 26 18 INF 41 34 19
29 30 1 18 16 38 INF 18 30 34 INF 46 INF 44 3 35 44 INF INF INF 49 48 INF 40 2 41 INF 10 39 4 4 19 29 INF 15 40 0 INF 22 13 10 39 34 28 29 22 41 10 4 INF INF INF 48 5 46 46 22 47 INF INF INF 16 41 17 13 11 44 44 INF 36 31 18 3 26 INF 36 INF 11 INF 40 28 6 18 9 28 INF INF 12 15 19 INF 8 3 INF 48 INF INF 10 19 INF
48 10 20 34 31 29 INF 4 24 44 27 INF INF 19 42 INF 19 INF 46 43 4 15 13 10 36 23 3 7 31 1 28 12 37 24 36 41 37 0 8 11 INF 31 25 10 3 23 INF 28 INF 3 INF INF 2 38 40 10 7 41 23 42 49 2 INF INF 26 3 25 5 24 37 22 22 37 INF 13 14 39 23 26 4 INF 43 INF 32 30 31 35 26 21 35 6 5 13 49 INF 6 47 7 9 21
3 19 28 INF INF 46 12 34 50 INF 10 24 INF INF 5 9 1 39 40 5 46 50 1 13 8 30 2 37 INF 45 5 21 INF 5 2 25 23 INF 0 17 11 27 INF 46 38 38 39 7 13 39 INF INF 25 46 1 INF 4 10 INF 30 13 21 25 20 13 12 12 41 12 39 47 14 37 19 41 18 38 37 9 45 48 9 17 INF 40 7 6 42 15 13 32 19 29 41 39 INF INF 2 2 37
22 44 5 20 10 14 3 8 INF 11 45 43 6 INF 22 11 45 8 42 INF 30 INF 4 38 12 18 INF 26 INF INF INF 37 INF 29 INF 3 9 13 34 0 15 2 16 22 12 50 8 INF 41 15 INF INF 8 47 10 14 18 10 INF 41 3 22 5 INF 11 34 INF 27 12 INF INF INF 14 45 8 45 46 31 44 48 30 13 1 13 31 28 18 25 30 9 39 INF INF 42 39 INF 44 15 34 21
22 INF INF 2 32 29 23 38 39 38 13 INF 24 37 3 INF 16 INF 36 9 39 INF INF INF 41 36 44 14 INF 39 INF 13 INF 36 38 8 7 38 INF 11 0 10 10 41 43 INF 36 1 36 INF 30 23 45 5 26 28 15 INF 41 INF 36 INF 27 50 10 9 38 INF INF 12 INF 34 INF 46 10 29 2 INF 50 INF INF 46 INF INF INF 19 38 39 24 6 12 INF 24 21 47 49 INF INF 10 9
INF 15 42 43 32 28 43 14 30 41 8 INF 1 11 32 48 37 1 5 15 34 31 37 INF 15 16 INF 24 31 INF 19 INF 17 1 7 18 29 29 47 34 5 0 INF 13 INF INF 23 INF 37 49 INF INF INF 27 2 INF 36 18 8 13 INF 12 INF 36 INF INF 42 INF 6 21 2 16 34 43 INF INF 31 36 50 34 48 45 17 29 17 27 INF INF 6 21 5 INF 23 21 INF 41 12 19 40 46
14 INF INF 7 2 11 8 31 6 4 8 45 30 36 8 20 26 48 25 4 INF INF INF INF INF 9 43 21 31 INF 25 5 1 43 30 8 36 14 INF 47 34 40 0 14 50 19 38 28 21 4 10 INF 13 38 43 40 2 INF 49 18 37 49 43 9 INF 23 35 5 19 16 24 31 37 2 50 6 9 INF 44 48 42 2 INF 41 27 27 18 39 5 26 37 10 34 23 15 43 20 22 INF 37
INF 42 INF 27 INF INF 50 37 13 INF 41 12 21 29 INF INF INF INF INF 1 18 1 INF 33 9 25 20 INF 8 1 INF 27 50 34 9 3 INF 20 23 26 10 24 24 0 23 30 43 INF 11 INF 37 40 37 INF 20 INF 50 48 38 48 INF 19 37 INF 42 43 48 38 14 31 7 47 21 11 42 2 7 45 1 21 INF 35 22 37 4 32 INF INF 9 16 39 24 44 49 47 27 47 49 25 33
20 INF INF 42 INF 4 INF 23 38 16 2 9 19 5 23 4 5 30 INF 49 38 42 43 39 INF 27 27 42 10 40 8 1 11 20 33 INF 44 37 47 INF 18 46 4 19 0 27 26 11 33 26 34 43 23 8 32 3 44 36 INF 8 32 INF 29 INF 12 21 49 23 40 2 19 28 18 INF 11 5 39 7 36 50 6 27 14 22 1 26 31 29 37 41 INF 20 20 25 36 19 INF INF 13 INF
INF 14 36 3 17 22 10 46 5 35 12 46 47 30 13 39 INF 34 31 41 11 4 INF 40 44 22 12 INF 45 8 22 19 49 16 22 2 9 30 47 44 INF 29 18 48 11 0 6 47 INF 1 47 22 50 11 INF 21 INF INF 4 23 48 30 31 19 46 40 INF 45 43 49 17 48 7 INF INF 24 29 48 INF INF 38 2 INF 26 INF 10 38 41 1 INF 37 35 INF INF 36 13 47 20 38 5
3 15 12 5 16 41 INF INF 27 46 INF INF 45 24 INF 29 6 25 32 3 30 1 3 43 7 INF INF 40 40 17 41 20 22 INF 3 10 12 25 25 26 39 32 34 8 29 8 0 42 41 30 4 19 INF 11 35 30 24 7 5 INF 5 46 INF INF 23 5 10 46 26 INF INF 50 46 49 7 27 44 24 36 INF 10 45 INF 26 20 23 32 26 INF INF 7 10 46 50 29 INF 15 41 6 47
42 10 38 44 19 46 50 43 39 28 38 INF 42 18 INF 21 INF 29 26 31 34 1 45 8 40 23 42 INF INF 46 INF 10 32 46 35 32 20 34 44 33 4 22 INF 49 33 42 2 0 50 15 31 17 4 17 19 9 INF 13 28 16 11 45 41 20 INF 7 INF 50 INF 41 48 6 14 49 19 20 49 37 46 43 17 26 42 6 8 2 37 9 48 47 40 11 17 29 20 10 29 20 21 INF
16 18 INF 1 12 INF INF 35 24 INF 38 31 20 12 4 10 INF 28 35 10 37 INF 45 45 42 45 INF 16 24 INF 6 3 INF 12 INF 41 19 INF 22 46 17 INF 14 INF 40 32 INF 25 0 10 15 27 25 24 17 24 47 INF 23 41 36 42 38 29 48 13 29 6 INF INF 20 INF 7 10 37 INF INF 7 31 INF INF 6 44 25 9 25 16 29 INF 19 INF 37 30 38 28 9 13 24 16 48
46 4 29 46 37 4 37 8 36 40 INF 26 30 49 8 INF 38 36 8 INF 16 17 INF INF 39 9 5 25 42 50 INF 6 49 21 28 48 24 2 25 5 14 37 44 50 40 13 11 25 INF 0 37 45 INF 40 21 12 25 INF 37 1 INF 36 46 42 50 42 50 15 17 44 44 49 INF 13 50 10 44 19 INF 23 16 43 29 43 INF 37 INF 33 32 29 7 37 27 37 49 3 INF INF 23 37
50 49 42 17 14 41 16 10 INF 30 26 32 1 50 35 16 47 7 10 30 40 3 INF INF 3 28 INF 13 41 47 31 21 32 6 INF 32 28 INF 10 3 INF INF 14 30 3 37 46 INF 14 18 0 22 16 23 42 14 INF 39 11 4 38 26 35 INF INF 18 35 14 31 13 31 7 INF 5 2 6 INF 6 22 INF 32 3 INF INF INF 4 4 3 24 INF 37 25 46 INF 30 INF 29 INF 41 18
5 27 INF INF 2 46 3 50 3 3 48 40 17 38 21 INF INF 1 8 6 26 23 30 15 40 16 50 2 37 23 19 INF 37 34 INF 12 INF INF INF 22 18 48 22 36 23 13 47 10 INF 13 33 0 30 33 45 17 42 32 45 20 49 15 25 INF 3 31 34 35 50 2 16 7 11 26 INF 44 13 INF INF 23 22 4 50 18 37 36 44 28 27 44 6 28 1 INF 25 INF INF 33 21 27
INF 32 12 6 38 32 9 46 28 INF 27 34 34 7 13 40 24 23 28 43 INF 46 14 6 INF 35 INF INF 1 INF 4 19 47 24 44 INF 15 INF 46 27 29 41 39 47 8 19 34 INF 46 INF 26 39 0 11 38 42 28 46 34 35 5 21 INF 29 8 41 50 48 35 INF 36 INF 33 26 INF 24 11 INF 5 16 37 14 15 17 INF 4 INF 29 INF 28 26 42 1 16 20 INF INF INF INF INF
33 12 45 25 17 INF INF INF INF 32 23 INF 45 5 41 41 INF 26 26 6 24 13 INF 21 INF INF INF 12 33 15 INF 16 18 INF INF 37 41 15 36 3 2 28 24 10 38 32 INF 19 49 15 INF 9 45 0 INF 1 22 32 38 50 7 10 33 5 4 20 6 INF 37 14 12 49 49 21 46 42 1 INF 21 1 INF 8 8 43 27 29 50 38 INF 45 39 41 14 23 INF INF 38 30 33 2
3 26 35 INF 5 47 36 23 36 2 12 7 23 14 44 39 INF 38 INF 37 INF 33 41 49 47 17 19 13 24 24 34 31 40 6 11 14 41 20 14 38 INF 37 34 20 35 21 INF INF 36 20 INF 1 49 9 0 43 INF INF 4 INF INF 21 7 4 23 41 44 48 14 27 32 44 30 28 15 INF 13 45 INF INF 28 39 4 INF 19 INF INF 19 13 33 36 23 37 18 INF 30 17 11 27 21
25 41 INF 45 16 6 INF 32 20 16 38 20 46 9 INF 42 22 18 INF INF INF 46 9 40 24 INF 3 27 16 42 15 20 3 8 INF 13 6 20 INF 28 44 INF 23 25 47 49 46 26 46 40 INF 8 47 29 15 0 26 INF INF 27 50 44 26 38 39 33 38 18 14 INF 46 25 50 7 INF 28 34 29 28 14 12 21 INF INF 7 50 40 INF INF 33 33 43 INF 49 5 45 INF INF 40 18
8 24 42 16 INF 42 INF 13 INF 27 INF 16 17 43 37 14 22 40 1 47 17 40 INF 19 1 30 12 13 34 3 47 34 INF 24 INF 15 46 13 32 1 36 16 41 INF INF 40 INF INF 31 13 45 46 4 17 46 INF 0 15 7 14 29 8 18 2 41 11 42 42 13 INF 43 1 37 31 2 6 15 INF 20 41 1 41 19 20 23 INF 48 43 INF 15 32 INF 4 46 15 27 2 34 INF 32
INF 24 11 25 30 30 22 43 4 43 12 2 22 28 36 26 26 17 16 1 23 INF 40 INF 30 34 26 24 22 41 4 38 8 INF INF INF 27 32 37 10 INF INF INF 2 38 14 INF 23 INF 17 44 3 31 47 1 23 38 0 24 INF 49 13 INF 5 10 INF 10 4 50 1 INF 1 50 30 32 INF INF 39 36 47 12 INF 30 18 19 21 INF 26 INF 49 23 35 6 39 INF 32 36 INF 7 33
INF INF 29 INF 14 14 26 21 20 INF 26 INF 4 30 13 27 18 18 14 14 32 26 49 INF INF INF 32 INF 16 35 38 6 INF INF 22 37 46 23 34 33 8 12 8 33 34 8 43 2 19 16 1 49 6 24 44 3 INF 40 0 INF 33 15 INF 35 INF 11 9 INF 12 INF 43 INF 39 26 41 20 11 15 39 42 6 INF 49 20 INF 40 INF 1 23 30 23 14 9 36 INF 20 6 38 INF 20
49 31 INF 35 19 12 10 8 15 36 14 INF 48 INF INF 16 25 23 43 9 9 INF 24 37 19 13 43 25 22 INF 32 21 9 3 50 35 8 28 30 9 27 26 10 47 14 6 44 48 INF 26 37 22 14 38 40 INF 18 37 12 0 50 27 38 INF 12 27 8 20 INF 22 42 20 24 17 26 46 37 INF INF 10 23 46 9 33 23 20 8 6 1 23 30 50 INF INF 34 46 36 18 26 14
INF INF 39 28 6 46 41 23 INF INF 39 14 INF 29 34 INF INF INF 14 39 18 3 INF 40 36 45 INF 22 INF INF INF 40 11 37 14 INF 43 32 1 23 16 49 INF INF INF 16 INF 49 23 INF 37 1 21 38 6 INF 36 3 47 34 0 18 30 INF 46 INF 30 INF 47 INF 28 17 48 10 36 40 29 45 INF 14 INF 16 35 INF 45 INF 23 39 5 11 24 3 16 26 17 INF INF 16 INF 33
22 47 INF 38 INF 26 26 14 23 17 29 INF 49 32 32 40 INF 11 20 38 25 INF 38 9 21 5 5 25 INF 47 5 24 25 15 44 45 22 INF 36 22 INF INF INF INF 41 48 10 2 34 43 23 43 35 30 37 48 23 39 29 14 26 0 28 INF 12 30 26 29 15 INF 36 28 4 32 INF 29 2 7 38 19 5 INF 33 19 43 40 2 INF 28 40 7 INF 25 45 39 20 7 25 21 40
20 INF 24 33 30 27 22 22 41 5 34 INF INF 25 INF 8 INF 10 INF 47 33 39 INF 42 50 INF 3 45 INF 44 12 40 19 18 1 23 42 44 45 35 28 39 36 37 7 INF 50 INF 29 46 INF 26 10 38 22 45 5 32 23 49 13 29 0 INF INF 36 17 30 INF 43 48 39 INF 36 16 INF 23 INF 17 INF 41 40 19 13 27 40 50 22 49 24 INF INF 19 44 INF INF 29 INF 49 47
45 INF 46 20 24 INF 46 40 36 35 34 3 22 7 49 16 INF 42 27 33 37 25 38 INF 41 4 17 38 45 34 1 8 INF 16 INF 25 50 7 31 INF INF INF 36 8 INF 27 13 3 INF 2 42 46 4 INF 21 3 36 INF 7 17 INF 24 37 0 40 40 10 INF 13 32 4 3 25 INF 22 5 INF 24 27 8 40 INF 29 27 26 INF 32 INF 18 INF INF INF 43 14 28 10 INF 24 12 INF
45 INF 26 INF 22 37 27 23 18 2 42 1 48 41 48 30 13 INF INF 39 43 INF 11 18 31 13 INF 23 4 35 43 32 20 12 INF 23 29 INF 15 45 INF 44 INF 4 16 30 1 6 26 26 18 40 1 8 23 13 11 39 11 47 25 36 37 20 0 17 INF 29 3 47 INF INF 22 32 1 10 8 INF 48 INF 49 6 37 41 INF 40 INF 9 25 48 2 25 INF INF 42 21 43 INF 37 49
38 INF INF INF 6 33 13 31 50 INF 37 31 23 28 20 26 33 37 INF INF 4 4 4 26 41 35 30 16 INF INF 38 36 4 INF 14 5 19 20 INF INF 13 INF 37 22 46 45 INF 1 29 INF 32 INF INF INF 17 46 28 35 INF 40 43 34 INF INF 13 0 10 INF 41 37 32 15 46 30 21 27 14 16 INF 13 6 12 27 32 INF 48 4 INF INF 9 36 26 16 2 INF 23 41 30 13 INF
38 23 7 26 31 INF 36 41 INF 22 17 45 41 INF INF 29 14 38 1 46 28 36 10 25 39 INF INF 18 37 25 11 INF 4 3 32 13 47 INF 30 INF 25 34 26 7 39 32 45 34 2 34 33 INF INF 37 44 4 34 34 INF 26 11 INF 37 INF 44 INF 0 16 28 INF 3 37 6 12 43 15 9 INF INF INF 4 44 34 1 18 39 20 INF 22 INF 4 INF 32 31 50 14 37 17 23 5
34 37 15 42 INF 49 28 30 30 8 2 15 7 37 46 37 39 8 14 42 INF 43 7 INF 16 6 INF 33 47 12 INF 30 INF 22 36 41 6 43 31 2 21 31 38 19 42 INF 48 44 5 26 INF 15 36 35 3 32 22 37 37 INF 39 20 25 46 INF INF 11 0 40 39 INF INF 44 36 31 42 48 INF 38 24 INF 39 INF 13 42 48 44 42 25 50 33 13 16 11 4 14 37 INF 42 18
10 42 INF 9 1 38 3 INF 20 2 25 13 INF INF 32 14 49 21 INF 19 INF 20 16 42 46 20 2 20 INF 16 23 INF INF 13 50 49 27 20 7 31 20 43 33 14 28 24 42 INF 25 2 18 38 22 17 43 21 INF 41 38 46 INF INF 46 16 40 INF INF INF 0 28 3 6 30 INF 48 11 37 11 7 46 17 6 45 7 5 46 4 INF 49 32 37 49 23 8 38 INF 10 23 45 42
40 10 39 34 20 17 11 45 INF 13 29 8 48 INF 29 49 10 43 INF 30 9 28 32 30 5 49 21 1 24 INF 40 20 48 8 23 31 7 16 3 45 INF 27 15 17 34 20 20 28 6 INF 5 16 48 20 44 36 19 38 25 26 21 33 45 7 40 21 47 21 19 0 INF 8 13 3 38 22 25 17 29 INF 42 49 INF INF 12 31 3 31 7 INF 13 22 13 INF 35 42 22 INF 39 2
INF INF 9 2 29 46 38 25 21 3 4 5 31 INF 23 INF 4 4 13 15 8 48 9 50 23 21 36 10 37 38 25 2 32 INF 11 INF 37 13 38 25 18 7 13 INF 35 16 33 28 40 INF INF 15 42 INF 25 21 38 INF 46 42 46 32 44 43 18 48 19 INF 23 48 0 12 6 45 INF INF 32 INF 13 INF 28 12 INF 33 INF 36 41 22 1 42 41 26 45 33 23 5 50 14 INF 12
47 INF INF 13 9 34 INF 48 27 6 25 INF INF 29 INF 18 38 41 INF INF 34 INF INF 1 47 INF 36 12 17 48 23 INF INF 3 INF 5 INF 13 24 30 39 27 23 10 42 12 28 15 13 42 12 34 41 36 3 21 11 11 6 27 46 46 21 INF 15 INF 28 39 INF 8 43 0 11 11 46 36 23 12 INF 6 8 48 39 5 3 42 47 8 8 29 INF 33 INF 33 31 9 13 INF INF 13
21 5 24 12 INF 18 INF 14 14 46 INF INF 37 INF INF 36 INF 13 44 INF INF 20 50 26 39 29 INF 49 10 16 43 16 47 INF INF 15 13 31 32 18 3 33 22 37 INF 32 26 10 INF 19 35 31 19 INF 17 47 43 32 45 46 14 46 33 34 28 28 INF INF 47 13 26 47 0 30 49 INF 33 12 11 7 36 INF 38 45 INF 46 26 25 2 26 INF 1 INF 18 40 INF 13 INF 6 48
32 37 INF 18 7 15 INF INF INF 45 28 32 15 5 38 INF 41 21 INF 42 18 INF INF 3 15 49 10 42 36 18 INF 19 14 37 39 30 22 13 29 37 49 43 45 24 12 32 INF INF INF INF 40 11 9 7 9 INF 8 36 33 22 INF 35 38 41 15 23 9 50 42 3 35 INF INF 0 43 4 37 INF INF INF 39 19 19 36 INF INF 37 48 39 39 43 INF 22 14 10 29 INF INF 45 10
41 18 50 25 31 25 19 INF INF 9 3 44 INF 50 31 12 INF INF 40 3 11 3 42 50 30 20 INF INF 50 12 4 14 1 35 41 49 38 27 46 INF 40 2 28 25 36 INF 35 42 5 INF 29 36 INF 16 27 13 INF 39 12 47 INF 48 31 INF 11 35 INF 22 35 37 13 37 48 INF 0 INF 42 37 INF 6 8 4 INF 15 INF 18 9 25 21 32 31 INF 14 45 27 16 11 19 13 16
20 7 23 24 49 10 3 23 10 9 2 INF INF 47 18 44 19 15 42 42 5 49 47 12 INF INF 50 12 7 7 INF 20 38 INF 7 INF 44 29 50 15 INF 42 35 14 9 35 INF INF 9 INF 21 INF 18 45 32 18 31 50 39 24 38 17 7 10 INF 16 2 48 48 INF 32 44 29 34 37 0 17 10 2 14 INF 45 2 47 INF INF 50 INF 22 37 INF 25 1 38 32 INF INF 8 INF 23
36 INF 33 INF 7 13 20 INF 46 20 33 9 12 42 46 24 7 26 INF INF 1 INF 39 13 35 45 22 18 12 INF 4 6 INF 20 7 14 4 23 34 46 INF 22 29 5 28 INF 9 22 50 45 5 INF 31 INF 27 44 18 18 16 18 17 8 INF 27 13 INF 49 28 INF 45 31 9 19 34 13 17 0 INF 38 24 14 35 10 36 12 15 42 14 27 13 8 29 33 27 35 18 INF 47 38 3
INF INF 4 25 24 18 49 38 INF 35 INF 14 INF INF 35 26 37 30 18 34 4 13 43 INF 12 27 22 31 21 24 INF 48 39 4 INF 30 38 48 23 38 32 13 41 39 45 15 37 18 20 10 29 16 13 17 15 INF 41 INF INF 42 26 34 41 INF 43 43 15 47 42 14 50 20 INF 40 INF 41 34 0 17 45 INF 6 42 25 45 23 21 INF 28 20 13 49 16 39 INF 5 32 12 INF 8
25 28 24 12 INF 48 43 22 4 4 13 9 9 49 18 49 25 39 11 46 49 INF 40 11 44 2 34 INF 48 48 25 8 33 27 13 45 37 11 29 37 10 INF 16 13 INF 24 INF 26 1 16 27 42 23 24 18 25 7 32 44 30 26 16 36 INF 40 41 1 INF 45 49 40 19 18 26 31 8 INF 16 0 9 INF 45 25 29 INF 48 45 28 INF 25 46 23 15 20 46 INF INF 24 49 50
INF 23 20 INF 24 47 INF 19 24 INF 49 INF 46 35 17 21 49 33 38 4 45 8 20 6 48 36 8 38 16 23 46 47 39 42 26 34 35 6 36 27 22 2 8 43 50 42 22 24 17 25 34 23 47 5 1 4 7 31 36 30 5 5 28 INF 50 50 INF INF INF 33 21 27 50 40 INF 44 49 INF 20 0 43 40 22 39 25 20 50 17 32 27 10 40 1 35 INF INF 35 2 36 INF
43 38 44 17 49 25 INF INF 11 20 14 INF 44 46 INF 10 28 20 INF 19 28 48 INF 15 31 INF INF 45 17 INF 7 19 5 37 6 42 INF 25 38 3 44 INF 13 33 15 15 39 37 41 40 35 18 50 INF INF 45 8 40 INF 28 16 INF 24 5 32 14 9 19 36 INF 34 10 32 INF 19 42 22 5 7 6 0 23 8 40 INF 34 47 INF 48 INF INF INF 19 INF 50 INF 39 INF 31 INF
INF 40 39 INF INF 27 17 39 44 INF INF 16 36 19 12 9 31 26 3 3 40 15 48 40 50 17 INF 15 INF INF 33 INF 46 3 6 43 49 20 15 INF INF 26 29 7 50 INF 42 2 INF 38 26 34 2 33 INF INF 30 25 32 16 13 INF INF 40 49 27 21 16 INF 22 46 INF 35 INF INF 7 INF 8 36 44 22 0 45 12 46 3 45 17 39 43 12 INF INF 38 INF 46 30 35 INF 48
20 INF 44 INF 49 40 INF 29 7 25 44 39 10 41 INF 39 14 35 15 24 34 25 INF 50 15 INF INF INF 39 11 25 38 23 15 8 10 24 INF INF INF 47 1 3 INF 22 39 49 45 40 41 1 22 40 INF 35 24 26 36 22 9 23 28 19 35 22 INF 21 21 28 INF INF 8 36 35 3 39 16 23 12 20 50 36 0 28 44 15 47 16 44 22 INF 1 14 34 49 5 15 INF INF 23
INF 23 48 INF 50 42 25 37 INF 13 5 47 45 15 46 27 6 25 INF 23 INF 9 19 INF 17 10 36 30 17 20 9 8 INF 49 INF 24 24 11 9 INF 35 INF INF 34 15 6 26 INF 11 20 44 INF 48 25 25 INF 2 37 31 11 49 24 50 47 24 7 35 INF 43 4 INF 4 25 2 32 15 37 18 33 30 INF 46 11 0 3 24 24 4 15 12 INF 24 41 37 2 22 21 31 5 23
39 INF 35 28 28 22 13 INF 14 46 49 INF INF 14 12 INF 11 30 43 14 48 24 INF 50 3 5 16 INF 11 INF INF INF 23 39 INF 7 45 32 35 INF 4 28 47 6 INF 8 26 33 46 4 40 45 21 47 45 11 45 32 INF 2 23 INF 20 42 INF 18 50 12 22 24 INF 27 1 21 10 23 INF 39 9 20 1 27 1 30 0 31 INF 26 48 INF 5 28 44 INF INF 35 45 10 33 25
22 22 11 23 28 32 15 14 9 3 4 23 25 40 INF INF INF 35 12 29 INF 12 26 2 INF INF 1 45 INF INF 16 14 1 47 3 INF 11 17 21 49 4 INF 20 48 INF 43 31 INF INF INF 30 24 42 4 36 8 19 39 33 13 36 48 43 INF 20 12 44 INF INF 43 28 42 50 INF INF 2 33 INF 22 20 INF INF 22 33 49 0 INF 11 27 7 3 36 13 41 50 28 2 30 34 INF
21 40 10 18 44 INF 38 4 14 18 28 14 26 11 46 42 6 2 39 18 27 36 8 26 5 43 45 6 34 37 15 3 35 13 18 39 2 20 16 10 20 45 INF 11 INF 11 18 9 29 40 9 46 41 22 47 7 5 29 INF INF 34 48 20 43 35 40 5 6 12 10 9 29 12 12 1 INF INF INF INF 36 18 26 38 11 22 INF 0 19 INF 49 50 29 42 4 27 14 16 18 33 40
16 42 23 11 37 33 INF 47 45 23 35 5 49 INF 5 INF INF 9 29 INF INF 8 16 21 50 INF 15 20 9 INF 33 INF INF INF 9 INF 42 47 INF INF 7 INF 46 41 INF 50 INF 13 47 INF 9 INF 6 12 48 46 50 13 33 47 16 50 42 21 23 45 3 50 41 31 28 27 4 21 42 44 35 43 41 INF 50 42 INF 29 12 30 16 0 17 3 INF 34 47 18 29 6 4 INF 49 50
40 INF 10 33 34 26 22 24 INF INF 5 35 12 12 33 49 17 18 29 INF 1 34 INF 11 21 INF 6 15 45 INF 41 13 11 24 49 35 15 22 INF 25 INF INF 37 50 24 1 7 31 16 39 43 4 26 13 35 31 12 INF 18 16 43 34 32 42 INF 31 38 2 INF 20 17 10 25 20 14 5 7 INF 46 32 47 10 INF 5 12 32 24 37 0 41 33 24 50 32 14 32 37 12 7 3
47 INF INF 11 16 INF 49 26 45 INF INF INF INF INF 44 INF INF INF 46 INF INF 10 INF 9 INF 48 INF 20 50 32 34 INF 3 41 20 30 14 14 46 18 31 37 INF INF 28 40 14 28 INF 6 12 17 35 25 INF 24 23 48 35 15 3 41 16 28 30 36 34 40 24 33 33 33 23 8 36 12 41 3 6 18 22 23 17 INF INF 7 15 50 INF 0 28 4 45 40 INF 22 45 32 25 16
30 49 25 5 38 7 10 14 2 5 9 24 40 47 35 24 27 45 INF 6 11 50 22 INF 39 35 INF 29 26 INF 45 24 12 37 21 6 33 43 49 INF 18 INF INF 45 INF INF 45 INF 34 17 19 18 49 1 18 17 5 10 INF 15 48 2 INF 4 INF INF INF 36 8 7 14 40 19 36 27 1 2 4 25 INF 14 6 25 43 32 39 15 3 2 35 0 49 17 50 17 38 17 INF 28 23
5 34 17 46 42 31 14 44 49 3 1 48 5 34 INF 47 INF 25 INF 2 25 50 2 11 INF 21 18 INF 39 42 22 25 41 35 15 INF 35 INF 27 INF 15 24 50 9 INF 3 16 4 33 49 37 1 INF 46 48 2 10 35 INF INF INF 37 31 14 32 34 6 36 2 23 22 2 14 29 38 42 INF 13 8 8 41 44 21 23 INF INF INF 28 39 22 24 0 49 3 30 35 INF 50 INF 28
4 3 19 17 INF 50 30 37 29 36 45 25 INF INF 7 49 14 20 47 25 INF 29 29 12 16 INF 2 28 8 19 18 14 21 34 27 26 35 13 INF INF 31 32 22 17 INF 41 12 6 21 41 12 14 8 6 INF INF 36 18 50 34 5 30 28 42 7 9 50 16 39 INF INF 5 8 15 21 41 19 43 8 6 21 29 INF INF 38 10 25 5 34 49 5 31 0 19 46 INF 39 40 32 19
48 6 1 20 26 50 18 32 29 17 19 INF 8 50 29 INF 22 28 8 19 45 31 INF 2 14 INF INF 13 5 INF 41 27 INF 8 44 3 22 12 INF 44 44 32 44 26 INF 4 45 22 42 24 7 28 43 47 8 INF INF 15 28 22 29 INF INF 33 43 1 INF 23 INF 4 INF INF 6 18 43 INF 15 47 INF INF 44 13 19 1 INF 18 INF 48 9 21 38 INF 24 0 32 12 INF 3 2 12
20 16 INF 20 2 32 5 INF INF INF INF 4 INF INF 23 11 39 39 42 34 43 18 4 INF INF 37 21 19 INF 38 49 INF INF 32 15 20 6 INF 8 INF 36 28 48 9 10 12 40 3 42 49 47 11 39 13 27 10 11 39 13 36 38 44 41 31 INF 50 24 INF 40 INF 9 18 41 19 36 25 2 35 23 35 39 INF 42 33 10 44 43 49 49 40 49 48 15 22 0 7 20 27 INF 37
41 INF 47 INF 29 INF 24 45 INF 27 33 24 4 INF INF 48 33 33 22 40 INF 39 50 32 14 INF 25 44 23 33 16 38 11 2 31 14 42 45 34 34 37 4 45 9 15 37 41 10 43 17 15 INF INF 39 INF 50 46 35 INF INF 40 27 35 23 INF INF 19 48 1 INF 21 23 19 42 INF 50 32 13 35 INF INF 40 13 13 43 23 7 37 33 23 50 13 28 25 INF 0 45 7 47 5
45 1 47 2 40 49 23 24 46 35 26 17 INF 39 18 45 47 45 43 2 37 9 23 INF INF 38 INF INF INF 35 32 15 32 4 10 17 INF 14 37 16 32 INF INF 21 18 39 INF INF INF 24 26 9 18 31 24 17 6 19 18 INF 44 16 41 6 24 30 28 INF 1 39 45 INF 30 19 22 21 13 37 25 22 31 INF INF 32 42 50 14 11 4 9 1 INF 14 39 4 26 0 29 29 16
27 INF INF 14 3 14 8 11 50 INF 19 5 32 INF 40 49 45 31 43 24 15 41 7 INF 32 49 44 35 34 36 27 INF 18 30 6 25 12 13 42 1 INF 13 5 INF 12 27 22 27 4 6 35 8 11 46 25 31 25 45 45 INF 46 31 18 2 INF 6 2 INF 44 35 19 3 44 33 INF INF 46 21 2 21 14 47 47 INF INF 26 20 21 36 38 44 49 23 19 14 35 INF 0 INF 20
23 32 INF INF 34 46 18 37 INF 43 3 6 INF 44 50 INF 8 26 43 26 43 9 INF 16 7 43 INF 32 42 INF INF 21 24 22 24 40 INF 38 15 INF 27 INF 21 24 46 47 INF 38 23 15 25 13 37 INF INF 14 INF INF INF INF 14 24 25 5 INF 5 10 7 26 12 47 31 INF 16 48 36 39 41 23 22 43 3 42 31 38 INF 45 INF 27 4 3 INF 11 14 30 6 48 INF 0 33
3 17 36 27 31 19 35 48 2 INF INF 31 20 42 38 14 31 30 8 41 1 9 16 45 INF 39 INF 40 INF 21 46 12 INF INF 30 INF 31 41 INF INF INF 17 4 INF 9 40 30 41 8 15 16 37 4 25 15 36 32 13 3 31 42 5 46 6 3 1 INF 20 1 14 16 INF 28 43 8 6 27 5 17 28 12 18 14 INF 3 INF INF 39 30 34 34 48 INF 17 19 45 11 INF 35 0
